Title,Company,Location,Duration,Stipend,Posted_Date,Link
N/A,N/A,N/A,N/A,N/A,N/A,N/A
Fundraising Volunteer,Odisha Development Management Programme (ODMP),Work from home,1 Week,"₹ 500 - 5,000 /week",6 days ago,https://internshala.com/internship/detail/work-from-home-part-time-fundraising-volunteer-internship-at-odisha-development-management-programme-odmp1752469071
Business Development (Sales),Creative Mediapulse Technologies Private Limited (CMPTL),Work from home,6 Months,"₹ 5,500 - 10,000 /month",4 days ago,https://internshala.com/internship/detail/work-from-home-part-time-business-development-sales-internship-at-creative-mediapulse-technologies-private-limited-cmptl1752649901
Web Development,Kanha Creation,Work from home,1 Month,"₹ 5,000 /month",6 days ago,https://internshala.com/internship/detail/work-from-home-web-development-internship-at-kanha-creation1752498110
Trading,Focus Wise Solution,Work from home,1 Month,"₹ 1,800 - 2,500 /month",1 week ago,https://internshala.com/internship/detail/work-from-home-trading-internship-at-focus-wise-solution1752036845
Financial Analyst,Focus Wise Solution,Work from home,1 Month,"₹ 1,500 - 2,000 /month",1 week ago,https://internshala.com/internship/detail/work-from-home-financial-analyst-internship-at-focus-wise-solution1752036816
Equity Market Research,Focus Wise Solution,Work from home,1 Month,"₹ 2,000 - 3,000 /month",1 week ago,https://internshala.com/internship/detail/work-from-home-equity-market-research-internship-at-focus-wise-solution1752036592
Fundraising,Marpu Foundation,Work from home,1 Month,Unpaid,1 week ago,https://internshala.com/internship/detail/work-from-home-part-time-fundraising-internship-at-marpu-foundation1751967435
Social Media Marketing,Marpu Foundation,Work from home,1 Month,Unpaid,1 week ago,https://internshala.com/internship/detail/work-from-home-social-media-marketing-internship-at-marpu-foundation1751967396
Content Writing,Marpu Foundation,Work from home,1 Month,Unpaid,1 week ago,https://internshala.com/internship/detail/work-from-home-content-writing-internship-at-marpu-foundation1751967187
Financial Stock Market Research,Focus Wise Solution,Work from home,1 Month,"₹ 2,000 - 4,000 /month",1 week ago,https://internshala.com/internship/detail/work-from-home-financial-stock-market-research-internship-at-focus-wise-solution1751952805
N/A,N/A,N/A,N/A,N/A,N/A,N/A
Stock Market Learning & Outreach,Focus Wise Solution,Work from home,1 Month,"₹ 2,000 - 5,000 /month",1 week ago,https://internshala.com/internship/detail/work-from-home-stock-market-learning-outreach-internship-at-focus-wise-solution1751863668
Human Resources (HR),Focus Wise Solution,Work from home,1 Month,"₹ 2,000 - 5,000 /month",3 weeks ago,https://internshala.com/internship/detail/work-from-home-human-resources-hr-internship-at-focus-wise-solution1750767978
Sales and Marketing,Cook N Klean,Work from home,2 Months,"₹ 8,000 - 10,000 /month",3 weeks ago,https://internshala.com/internship/detail/work-from-home-part-time-sales-and-marketing-internship-at-cook-n-klean1749470335
Machine Learning,Coorix,Work from home,3 Months,"₹ 7,500 - 15,000 /month",Just now,https://internshala.com/internship/detail/work-from-home-machine-learning-internship-at-coorix1753066614
Data Analytics,Coorix,Work from home,3 Months,"₹ 7,500 - 15,000 /month",Just now,https://internshala.com/internship/detail/work-from-home-data-analytics-internship-at-coorix1753066440
Social Entrepreneurship,Pawzz,Work from home,1 Month,"₹ 1,500 - 8,000 lump sum",Just now,https://internshala.com/internship/detail/work-from-home-part-time-social-entrepreneurship-internship-at-pawzz1753066749
Fundraising,Pawzz,Work from home,4 Weeks,"₹ 1,500 - 8,000 lump sum",Just now,https://internshala.com/internship/detail/work-from-home-part-time-fundraising-internship-at-pawzz1753066484
Web Development,Coorix,Work from home,3 Months,"₹ 7,500 - 15,000 /month",Just now,https://internshala.com/internship/detail/work-from-home-web-development-internship-at-coorix1753066526
Law/Legal,SPACE For Early Childhood Education,Work from home,3 Months,Unpaid,3 days ago,https://internshala.com/internship/detail/work-from-home-law-legal-internship-at-space-for-early-childhood-education1752732468
Telecalling,Lead Mines Media,Work from home,6 Months,"₹ 8,000 /month",2 days ago,https://internshala.com/internship/detail/work-from-home-telecalling-internship-at-lead-mines-media1752828438
Telecalling,Lead Mines Media,Work from home,6 Months,"₹ 8,000 /month",2 days ago,https://internshala.com/internship/detail/work-from-home-telecalling-internship-at-lead-mines-media1752828350
Telecalling (Odia & Bengali),Lead Mines Media,Work from home,6 Months,"₹ 8,000 /month",2 days ago,https://internshala.com/internship/detail/work-from-home-telecalling-odia-bengali-internship-at-lead-mines-media1752828600
Business Analytics,TwiLearn EduTech Private Limited,Work from home,3 Months,"₹ 7,500 - 15,000 /month",Just now,https://internshala.com/internship/detail/work-from-home-business-analytics-internship-at-twilearn-edutech-private-limited1753069063
Data Science,TwiLearn EduTech Private Limited,Work from home,2 Months,"₹ 7,500 - 15,000 /month",Just now,https://internshala.com/internship/detail/work-from-home-data-science-internship-at-twilearn-edutech-private-limited1753069031
Business Development,Pawzz Foundation,Work from home,4 Weeks,"₹ 1,500 - 8,000 /month",Just now,https://internshala.com/internship/detail/work-from-home-part-time-business-development-internship-at-pawzz-foundation1753067495
Web Development Internship,TN-FUTECX,Work from home,1 Month,"₹ 1,000 - 1,001 /month",Just now,https://internshala.com/internship/detail/work-from-home-part-time-web-development-internship-internship-at-tn-futecx1753064319
Book Research & Promotion – Social Impact,WeDidIt,Work from home,1 Month,Unpaid,Few hours ago,https://internshala.com/internship/detail/work-from-home-part-time-book-research-promotion--social-impact-internship-at-wedidit1753052160
Book Marketing,WeDidIt,Work from home,1 Month,Unpaid,Few hours ago,https://internshala.com/internship/detail/work-from-home-part-time-book-marketing-internship-at-wedidit1753052109
Research In Mental Health,WeDidIt,Work from home,1 Month,Unpaid,Few hours ago,https://internshala.com/internship/detail/work-from-home-part-time-research-in-mental-health-internship-at-wedidit1753052056
Law/Legal,WeDidIt,Work from home,1 Month,Unpaid,Few hours ago,https://internshala.com/internship/detail/work-from-home-part-time-law-legal-internship-at-wedidit1753052000
Content Writing,WeDidIt,Work from home,1 Month,Unpaid,Few hours ago,https://internshala.com/internship/detail/work-from-home-part-time-content-writing-internship-at-wedidit1753051974
Telecalling,Artem Academy,Work from home,3 Months,"₹ 6,000 - 10,000 /month",Few hours ago,https://internshala.com/internship/detail/work-from-home-telecalling-internship-at-artem-academy1753041160
Digital Marketing,DigiLeap Marketing Services Private Limited,Work from home,4 Months,"₹ 2,000 - 5,000 /month",Few hours ago,https://internshala.com/internship/detail/work-from-home-digital-marketing-internship-at-digileap-marketing-services-private-limited1753039413
Brand Management,GetBestBusinessCoach,Work from home,3 Months,"₹ 4,000 - 5,000 /month",Few hours ago,https://internshala.com/internship/detail/work-from-home-part-time-brand-management-internship-at-amit-s1753040927
Android App Development,Abhishek Karmakar,Work from home,1 Month,"₹ 14,000 - 25,000 /month",Few hours ago,https://internshala.com/internship/detail/work-from-home-android-app-development-internship-at-abhishek-karmakar1753028094
PHP Development,5G Infotech,Work from home,3 Months,"₹ 3,000 - 5,000 /month",Few hours ago,https://internshala.com/internship/detail/work-from-home-php-development-internship-at-5g-infotech1753023206
Law/Legal,Diginspire Solution Private Limited,Work from home,3 Months,"₹ 3,000 - 5,000 /month",Few hours ago,https://internshala.com/internship/detail/work-from-home-part-time-law-legal-internship-at-diginspire-solution-private-limited1753023114
Data Entry,Fitness 2020,Work from home,3 Months,"₹ 5,000 - 12,000 lump sum",Few hours ago,https://internshala.com/internship/detail/work-from-home-data-entry-internship-at-fitness-20201753029405
Human Resources (HR),Fitness 2020,Work from home,3 Months,"₹ 4,500 - 15,000 lump sum",Few hours ago,https://internshala.com/internship/detail/work-from-home-human-resources-hr-internship-at-fitness-20201753028651
Android App Development,Xeta Analytics Private Limited,Work from home,3 Months,"₹ 9,000 /month",Today,https://internshala.com/internship/detail/work-from-home-android-app-development-internship-at-xeta-analytics-private-limited1753024662
N/A,N/A,N/A,N/A,N/A,N/A,N/A
Business Development (Sales),Jankalyan Multipurpose Education Society,Work from home,1 Week,Unpaid,Today,https://internshala.com/internship/detail/work-from-home-part-time-business-development-sales-internship-at-jankalyan-multipurpose-education-society1753020807
Flutter Development,She Can Foundation,Work from home,3 Months,Unpaid,Today,https://internshala.com/internship/detail/work-from-home-part-time-flutter-development-internship-at-she-can-foundation1753013735
Web Development,She Can Foundation,Work from home,3 Months,Unpaid,Today,https://internshala.com/internship/detail/work-from-home-part-time-web-development-internship-at-she-can-foundation1753013713
Telecalling,Entrepreneur Growth Lab (OPC) Private Limited,Work from home,3 Months,"₹ 8,000 - 20,000 /month",Today,https://internshala.com/internship/detail/work-from-home-telecalling-internship-at-entrepreneur-growth-lab-opc-private-limited1753009195
Graphic Design,Prashant Kumar LTD,Work from home,3 Months,"₹ 9,000 lump sum",Today,https://internshala.com/internship/detail/work-from-home-part-time-graphic-design-internship-at-prashant-kumar-ltd1753008476
Data Scraping & Management,Prashant Kumar LTD,Work from home,1 Month,"₹ 9,000 lump sum",Today,https://internshala.com/internship/detail/work-from-home-part-time-data-scraping-management-internship-at-prashant-kumar-ltd1753007527
Community Influencing,She Can Foundation,Work from home,1 Month,"₹ 1,500 - 10,000 lump sum",Today,https://internshala.com/internship/detail/work-from-home-part-time-community-influencing-internship-at-she-can-foundation1753005612
Social Sector,She Can Foundation,Work from home,4 Weeks,"₹ 1,500 - 10,000 lump sum",Today,https://internshala.com/internship/detail/work-from-home-part-time-social-sector-internship-at-she-can-foundation1753005530
Community Influencing,NayePankh Foundation,Work from home,1 Month,"₹ 1,500 - 10,000 lump sum",Today,https://internshala.com/internship/detail/work-from-home-part-time-community-influencing-internship-at-nayepankh-foundation1753005414
Empowering Social Entrepreneurs,NayePankh Foundation,Work from home,4 Weeks,"₹ 1,500 - 10,000 lump sum",Today,https://internshala.com/internship/detail/work-from-home-part-time-empowering-social-entrepreneurs-internship-at-nayepankh-foundation1753005330
N/A,N/A,N/A,N/A,N/A,N/A,N/A
Lead Generation,Tripple One Solutions,Work from home,1 Month,"₹ 3,000 - 10,000 /month",Today,https://internshala.com/internship/detail/work-from-home-part-time-lead-generation-internship-at-tripple-one-solutions1752998434
Graphic Design,Coding Junior,Work from home,3 Months,"₹ 2,000 /month",Today,https://internshala.com/internship/detail/work-from-home-graphic-design-internship-at-coding-junior1752998189
Kannada Audio Recording Expert (Native Speakers),Solvitude,Work from home,1 Week,"₹ 1,000 lump sum",Today,https://internshala.com/internship/detail/work-from-home-part-time-kannada-audio-recording-expert-native-speakers-internship-at-solvitude1752995847
Graphic Design,Gharpayy,Work from home,1 Month,"₹ 2,000 /month",Today,https://internshala.com/internship/detail/work-from-home-part-time-graphic-design-internship-at-gharpayy1752990874
Customer Acquisition,Rural Development Society,Work from home,2 Weeks,"₹ 1,000 - 3,500 /month",Today,https://internshala.com/internship/detail/work-from-home-part-time-customer-acquisition-internship-at-rural-development-society1752990294
Founders Office,Ecoboard Tech,Work from home,4 Months,"₹ 3,000 - 6,000 /month",Today,https://internshala.com/internship/detail/work-from-home-part-time-founders-office-internship-at-ecoboard-tech1752989448
Graphic Design,Swiller,Work from home,2 Months,"₹ 5,000 - 7,000 /month",Today,https://internshala.com/internship/detail/work-from-home-graphic-design-internship-at-swiller1752988715
Graphic Design,EG Allied Private Limited,Work from home,3 Months,"₹ 2,000 - 10,000 /month",Today,https://internshala.com/internship/detail/work-from-home-graphic-design-internship-at-eg-allied-private-limited1752985554
Front End Development,EG Allied Private Limited,Work from home,3 Months,"₹ 2,000 - 10,000 /month",Today,https://internshala.com/internship/detail/work-from-home-front-end-development-internship-at-eg-allied-private-limited1752985436
Human Resources (HR),EG Allied Private Limited,Work from home,3 Months,"₹ 2,000 - 10,000 /month",Today,https://internshala.com/internship/detail/work-from-home-human-resources-hr-internship-at-eg-allied-private-limited1752984835
UI/UX Design,EG Allied Private Limited,Work from home,6 Months,"₹ 2,000 - 10,000 /month",Today,https://internshala.com/internship/detail/work-from-home-ui-ux-design-internship-at-eg-allied-private-limited1752984434
Data Science,TwiLearn EduTech Private Limited,Work from home,2 Months,"₹ 7,500 - 15,000 /month",1 day ago,https://internshala.com/internship/detail/work-from-home-data-science-internship-at-twilearn-edutech-private-limited1752981781
Business Analytics,TwiLearn EduTech Private Limited,Work from home,3 Months,"₹ 7,500 - 15,000 /month",1 day ago,https://internshala.com/internship/detail/work-from-home-business-analytics-internship-at-twilearn-edutech-private-limited1752981709
Virtual Assistance,Digital Guruji,Work from home,2 Months,"₹ 10,000 /month",1 day ago,https://internshala.com/internship/detail/work-from-home-virtual-assistance-internship-at-digital-guruji1752956980
Business Development (Sales),Rural Development Society,Work from home,2 Weeks,"₹ 1,000 - 3,800 /month",1 day ago,https://internshala.com/internship/detail/work-from-home-part-time-business-development-sales-internship-at-rural-development-society1752941616
Lead Generation,Wayspire Ed-Tech Private Limited,Work from home,1 Month,"₹ 1,500 - 15,000 lump sum",1 day ago,https://internshala.com/internship/detail/work-from-home-part-time-lead-generation-internship-at-wayspire-ed-tech-private-limited1752934858
College Representative,Wayspire Ed-Tech Private Limited,Work from home,1 Month,"₹ 2,500 - 15,000 lump sum",1 day ago,https://internshala.com/internship/detail/work-from-home-part-time-college-representative-internship-at-wayspire-ed-tech-private-limited1752934811
UX/UI Design,Creatiwise,Work from home,6 Months,"₹ 12,000 - 40,000 /month",1 day ago,https://internshala.com/internship/detail/work-from-home-ux-ui-design-internship-at-creatiwise1752934474
Full Stack Development,Coding Junior,Work from home,6 Months,"₹ 10,000 - 15,000 /month",1 day ago,https://internshala.com/internship/detail/work-from-home-full-stack-development-internship-at-coding-junior1752933393
Campaign Promotion,Rural Development Society,Work from home,2 Weeks,"₹ 1,000 - 5,000 /month",1 day ago,https://internshala.com/internship/detail/work-from-home-part-time-campaign-promotion-internship-at-rural-development-society1752929842
Business Development (Sales),Print Online (UAE),Work from home,6 Months,"₹ 15,000 - 20,000 /month",1 day ago,https://internshala.com/internship/detail/work-from-home-business-development-sales-internship-at-print-online-uae1752928425
Online Precalculus Tutoring,Narigiri's Connect To Universe Private Limited,Work from home,6 Months,"₹ 1,000 - 8,000 /month",1 day ago,https://internshala.com/internship/detail/work-from-home-part-time-online-precalculus-tutoring-internship-at-narigiris-connect-to-universe-private-limited1752928314
Creative Content & Voiceover,CSTE International,Work from home,6 Months,"₹ 2,000 - 5,000 /month",1 day ago,https://internshala.com/internship/detail/work-from-home-creative-content-voiceover-internship-at-cste-international1752928243
Online IMO Tutoring,Narigiri's Connect To Universe Private Limited,Work from home,6 Months,"₹ 1,000 - 8,000 /month",1 day ago,https://internshala.com/internship/detail/work-from-home-part-time-online-imo-tutoring-internship-at-narigiris-connect-to-universe-private-limited1752928204
"Online CBSE Languages Tutoring (English, French, Spanish, German)",Narigiri's Connect To Universe Private Limited,Work from home,6 Months,"₹ 1,000 - 8,000 /month",1 day ago,https://internshala.com/internship/detail/work-from-home-part-time-online-cbse-languages-tutoring-english-french-spanish-german-internship-at-narigiris-connect-to-universe-private-limited1752928155
Online CBSE Social Studies,Narigiri's Connect To Universe Private Limited,Work from home,6 Months,"₹ 1,000 - 8,000 /month",1 day ago,https://internshala.com/internship/detail/work-from-home-part-time-online-cbse-social-studies-internship-at-narigiris-connect-to-universe-private-limited1752927377
Online CBSE Physics Tutoring,Narigiri's Connect To Universe Private Limited,Work from home,6 Months,"₹ 1,000 - 8,000 /month",1 day ago,https://internshala.com/internship/detail/work-from-home-part-time-online-cbse-physics-tutoring-internship-at-narigiris-connect-to-universe-private-limited1752927303
Online CBSE Computer Science Tutoring,Narigiri's Connect To Universe Private Limited,Work from home,6 Months,"₹ 1,000 - 8,000 /month",1 day ago,https://internshala.com/internship/detail/work-from-home-part-time-online-cbse-computer-science-tutoring-internship-at-narigiris-connect-to-universe-private-limited1752927265
AI-First Automations,CSTE International,Work from home,6 Months,"₹ 2,000 - 5,000 /month",1 day ago,https://internshala.com/internship/detail/work-from-home-part-time-ai-first-automations-internship-at-cste-international1752926848
Law/Legal,Arkham Archives,Work from home,3 Months,Unpaid,1 day ago,https://internshala.com/internship/detail/work-from-home-law-legal-internship-at-arkham-archives1752926626
